17
53
39
96
39
33
75
1
68
22
9
88
70
99
44
70
100
88
19
13
47
56
52
31
37
84
36
33
71
65
18
79
18
37
71
23
80
30
35
76
8
47
31
46
5
76
56
77
50
94
67
91
62
41
78
39
3
68
92
82
34
10
12
24
12
54
55
6
49
73
83
26
90
48
24
76
23
30
24
79
59
62
55
82
3
92
30
64
20
9
96
3
66
74
31
78
8
57
25
49
54
61
52
28
92
53
28
51
88
60
8
64
81
61
97
81
19
60
67
36
64
37
22
23
9
43
50
79
56
70
89
14
44
66
33
66
16
54
90
17
16
27
62
47
17
41
95
59
40
8
37
14
52
43
31
81
34
72
78
6
80
16
24
21
8
60
81
56
92
5
4
11
53
89
53
31
46
14
95
52
25
10
44
73
10
63
17
40
35
51
20
11
6
99
94
58
95
12
2
74
55
51
29
28
33
18
72
86
76
27
78
81
81
2
43
87
70
58
4
10
67
13
82
83
45
70
1
6
10
33
35
4
73
94
90
63
16
64
44
69
80
26
97
63
57
42
84
10
87
79
65
31
95
87
40
79
31
21
85
73
9
47
91
93
94
85
13
20
43
92
10
43
50
37
63
67
51
7
59
72
6
68
37
64
66
12
28
62
36
58
76
88
73
2
74
75
73
76
31
76
25
1
20
29
66
43
51
44
81
1
69
97
9
63
94
1
71
20
60
25
59
5
41
38
64
2
83
1
93
11
28
43
78
34
62
70
90
22
32
69
21
65
12
46
36
87
89
49
57
21
47
19
66
44
67
52
47
80
8
40
13
50
21
97
55
33
35
69
93
96
19
1
75
36
59
27
19
92
63
59
52
31
68
36
71
48
83
68
21
90
28
33
20
6
30
77
33
64
29
51
53
84
11
74
43
87
94
24
91
6
29
85
38
19
82
99
56
15
57
27
10
74
45
83
17
47
5
34
42
27
8
90
80
33
71
63
73
47
87
61
38
47
67
98
37
57
54
36
16
79
96
57
88
46
92
8
91
36
7
33
35
93
4
28
31
18
83
11
30
16
25
43
48
85
6
46
21
14
51
92
68
24
96
56
51
6
13
46
86
37
82
53
22
46
94
81
65
92
11
2
40
16
34
6
24
3
34
53
51
50
13
78
13
28
62
39
66
2
23
30
66
26
15
21
71
94
24
50
60
91
31
63
7
37
59
93
33
16
77
27
29
90
33
84
42
17
60
72
25
94
12
70
70
92
61
79
97
62
63
86
47
56
62
44
37
9
4
37
47
80
66
65
73
44
81
30
22
40
49
91
46
80
76
47
48
14
66
21
88
92
33
71
73
95
38
93
81
98
85
91
57
78
58
88
4
31
19
38
58
19
46
2
97
91
31
80
23
13
44
28
48
100
82
50
92
24
47
27
80
50
35
9
59
35
69
28
67
85
47
68
68
48
31
51
15
44
25
20
29
5
45
68
81
23
31
57
14
51
84
47
68
61
44
69
60
60
9
53
48
82
77
72
64
20
51
16
40
58
11
99
94
41
45
49
33
23
90
14
58
57
64
64
61
84
47
73
16
78
95
92
70
68
89
19
60
3
98
88
37
30
79
67
36
27
53
82
11
77
52
9
62
49
94
69
31
91
82
44
78
41
93
82
24
40
18
57
59
22
5
94
87
80
67
51
85
3
74
60
81
81
8
49
18
16
22
5
6
57
32
36
16
30
57
7
32
43
2
6
35
91
94
81
61
76
15
5
67
42
70
7
84
54
22
60
75
69
22
13
33
48
22
37
23
2
16
52
36
73
84
36
85
67
50
39
44
81
82
40
19
75
36
53
9
99
65
95
74
81
100
60
25
22
34
74
83
6
27
57
28
57
100
11
72
87
10
10
32
10
43
42
16
14
83
76
100
97
96
83
45
100
66
50
19
80
8
40
56
65
77
65
63
93
31
12
44
15
63
13
37
68
52
61
9
25
53
79
54
74
46
17
50
2
32
10
24
76
91
79
11
54
20
45
53
1
9
60
38
37
60
46
92
22
86
79
22
27
69
87
86
25
20
46
77
5
22
25
9
10
91
81
6
64
66
40
5
25
100
51
93
24
68
80
65
64
97
73
47
21
13
91
59
93
55
73
47
43
21
68
4
50
72
91
22
42
94
75
46
80
94
32
9
98
96
41
95
87
47
92
21
86
60
23
36
42
37
73
95
7
20
63
59
96
66
54
34
60
56
50
35
91
4
22
67
6
80
79
19
89
98
40
